00000000000000000010
10000110000110000111
01001001001001001000

010
110
010
001
000
000
001
010
010
001
000
000
001
010
010
001
000
000
001
010

00010010010010010010
11100001100001100001
01000000000000000000

010
100
000
000
100
010
010
100
000
000
100
010
010
100
000
000
100
010
011
010

01000000000000000000
11100001100001100001
00010010010010010010

01001001001001001000
10000110000110000111
00000000000000000010

010
001
000
000
001
010
010
001
000
000
001
010
010
001
000
000
001
010
110
010


010
011
010
100
000
000
100
010
010
100
000
000
100
010
010
100
000
000
100
010

